-15 -18.5341
-14.8875 -18.4209
-14.775 -18.3076
-14.6625 -18.1944
-14.55 -18.0812
-14.4375 -17.9679
-14.325 -17.8546
-14.2125 -17.7414
-14.1 -17.6281
-13.9875 -17.5148
-13.875 -17.4014
-13.7625 -17.2881
-13.65 -17.1747
-13.5375 -17.0614
-13.425 -16.948
-13.3125 -16.8346
-13.2 -16.7212
-13.0875 -16.6077
-12.975 -16.4943
-12.8625 -16.3808
-12.75 -16.2673
-12.6375 -16.1538
-12.525 -16.0403
-12.4125 -15.9268
-12.3 -15.8132
-12.1875 -15.6996
-12.075 -15.586
-11.9625 -15.4724
-11.85 -15.3588
-11.7375 -15.245
-11.625 -15.1313
-11.5125 -15.0175
-11.4 -14.9038
-11.2875 -14.79
-11.175 -14.6762
-11.0625 -14.5624
-10.95 -14.4486
-10.8375 -14.3347
-10.725 -14.2208
-10.6125 -14.1069
-10.5 -13.9929
-10.3875 -13.8789
-10.275 -13.7649
-10.1625 -13.6508
-10.05 -13.5367
-9.9375 -13.4226
-9.825 -13.3084
-9.7125 -13.1942
-9.6 -13.0799
-9.4875 -12.9656
-9.375 -12.8512
-9.2625 -12.7368
-9.15 -12.6223
-9.0375 -12.5079
-8.925 -12.3933
-8.8125 -12.2787
-8.7 -12.1641
-8.5875 -12.0494
-8.475 -11.9346
-8.3625 -11.8198
-8.25 -11.7049
-8.1375 -11.59
-8.025 -11.475
-7.9125 -11.3599
-7.8 -11.2447
-7.6875 -11.1294
-7.575 -11.0141
-7.4625 -10.8987
-7.35 -10.7831
-7.2375 -10.6675
-7.125 -10.5518
-7.0125 -10.436
-6.9 -10.32
-6.7875 -10.2039
-6.675 -10.0878
-6.5625 -9.97143
-6.45 -9.85496
-6.3375 -9.73835
-6.225 -9.62158
-6.1125 -9.50464
-6 -9.38752
-5.8875 -9.27022
-5.775 -9.15271
-5.6625 -9.035
-5.55 -8.91706
-5.4375 -8.79887
-5.325 -8.68043
-5.2125 -8.56171
-5.1 -8.44269
-4.9875 -8.32336
-4.875 -8.20368
-4.7625 -8.08363
-4.65 -7.96319
-4.5375 -7.84232
-4.425 -7.72098
-4.3125 -7.59914
-4.2 -7.47675
-4.0875 -7.35377
-3.975 -7.23013
-3.8625 -7.10579
-3.75 -6.98066
-3.6375 -6.85468
-3.525 -6.72776
-3.4125 -6.5998
-3.3 -6.47069
-3.1875 -6.3403
-3.075 -6.20849
-2.9625 -6.07508
-2.85 -5.93989
-2.7375 -5.8027
-2.625 -5.66322
-2.5125 -5.52117
-2.4 -5.37618
-2.2875 -5.22781
-2.175 -5.07554
-2.0625 -4.91877
-1.95 -4.75671
-1.8375 -4.58847
-1.725 -4.41288
-1.6125 -4.22853
-1.5 -4.03361
-1.3875 -3.82585
-1.275 -3.60229
-1.1625 -3.35911
-1.05 -3.09123
-0.9375 -2.79186
-0.825 -2.45178
-0.7125 -2.05817
-0.6 -1.59287
-0.4875 -1.02949
-0.375 -0.328906
-0.2625 0.564732
-0.15 1.69532
-0.0375 2.76481
0.075 2.55448
0.1875 1.48204
0.3 0.541436
0.4125 -0.168283
0.525 -0.705272
0.6375 -1.11985
0.75 -1.44631
0.8625 -1.70787
0.975 -1.92066
1.0875 -2.09614
1.2 -2.24263
1.3125 -2.36628
1.425 -2.47169
1.5375 -2.56239
1.65 -2.64105
1.7625 -2.70981
1.875 -2.7703
1.9875 -2.82387
2.1 -2.87157
2.2125 -2.91427
2.325 -2.95267
2.4375 -2.98736
2.55 -3.01883
2.6625 -3.04749
2.775 -3.07367
2.8875 -3.09767
3 -3.11974
3.1125 -3.14009
3.225 -3.15892
3.3375 -3.17636
3.45 -3.19258
3.5625 -3.20768
3.675 -3.22178
3.7875 -3.23496
3.9 -3.24732
4.0125 -3.25892
4.125 -3.26983
4.2375 -3.28011
4.35 -3.28981
4.4625 -3.29898
4.575 -3.30766
4.6875 -3.31589
4.8 -3.32369
4.9125 -3.33111
5.025 -3.33817
5.1375 -3.3449
5.25 -3.35131
5.3625 -3.35744
5.475 -3.36329
5.5875 -3.3689
5.7 -3.37426
5.8125 -3.37941
5.925 -3.38434
6.0375 -3.38908
6.15 -3.39364
6.2625 -3.39802
6.375 -3.40224
6.4875 -3.4063
6.6 -3.41022
6.7125 -3.414
6.825 -3.41765
6.9375 -3.42117
7.05 -3.42458
7.1625 -3.42788
7.275 -3.43107
7.3875 -3.43415
7.5 -3.43715
7.6125 -3.44005
7.725 -3.44286
7.8375 -3.44559
7.95 -3.44824
8.0625 -3.45081
8.175 -3.45331
8.2875 -3.45574
8.4 -3.45811
8.5125 -3.46041
8.625 -3.46264
8.7375 -3.46482
8.85 -3.46695
8.9625 -3.46901
9.075 -3.47103
9.1875 -3.47299
9.3 -3.47491
9.4125 -3.47678
9.525 -3.4786
9.6375 -3.48039
9.75 -3.48213
9.8625 -3.48382
9.975 -3.48548
10.0875 -3.48711
10.2 -3.48869
10.3125 -3.49025
10.425 -3.49176
10.5375 -3.49325
10.65 -3.4947
10.7625 -3.49612
10.875 -3.49751
10.9875 -3.49888
11.1 -3.50021
11.2125 -3.50152
11.325 -3.5028
11.4375 -3.50406
11.55 -3.50529
11.6625 -3.5065
11.775 -3.50768
11.8875 -3.50884
12 -3.50998
12.1125 -3.5111
12.225 -3.5122
12.3375 -3.51328
12.45 -3.51433
12.5625 -3.51537
12.675 -3.51639
12.7875 -3.5174
12.9 -3.51838
13.0125 -3.51935
13.125 -3.5203
13.2375 -3.52123
13.35 -3.52215
13.4625 -3.52305
13.575 -3.52394
13.6875 -3.52481
13.8 -3.52567
13.9125 -3.52652
14.025 -3.52735
14.1375 -3.52817
14.25 -3.52897
14.3625 -3.52976
14.475 -3.53054
14.5875 -3.53131
14.7 -3.53207
14.8125 -3.53281
14.925 -3.53355
15.0375 -3.53427
15.15 -3.53498
15.2625 -3.53568
15.375 -3.53637
15.4875 -3.53705
15.6 -3.53772
15.7125 -3.53838
15.825 -3.53903
15.9375 -3.53968
16.05 -3.54031
16.1625 -3.54093
16.275 -3.54155
16.3875 -3.54216
16.5 -3.54275
16.6125 -3.54334
16.725 -3.54393
16.8375 -3.5445
16.95 -3.54507
17.0625 -3.54563
17.175 -3.54618
17.2875 -3.54673
17.4 -3.54726
17.5125 -3.5478
17.625 -3.54832
17.7375 -3.54884
17.85 -3.54935
17.9625 -3.54985
18.075 -3.55035
18.1875 -3.55084
18.3 -3.55133
18.4125 -3.55181
18.525 -3.55228
18.6375 -3.55275
18.75 -3.55321
18.8625 -3.55367
18.975 -3.55412
19.0875 -3.55457
19.2 -3.55501
19.3125 -3.55545
19.425 -3.55588
19.5375 -3.5563
19.65 -3.55673
19.7625 -3.55714
19.875 -3.55755
19.9875 -3.55796
20.1 -3.55836
20.2125 -3.55876
20.325 -3.55915
20.4375 -3.55954
20.55 -3.55993
20.6625 -3.56031
20.775 -3.56069
20.8875 -3.56106
21 -3.56143
21.1125 -3.56179
21.225 -3.56215
21.3375 -3.56251
21.45 -3.56286
21.5625 -3.56321
21.675 -3.56356
21.7875 -3.5639
21.9 -3.56424
22.0125 -3.56457
22.125 -3.5649
22.2375 -3.56523
22.35 -3.56556
22.4625 -3.56588
22.575 -3.5662
22.6875 -3.56651
22.8 -3.56683
22.9125 -3.56713
23.025 -3.56744
23.1375 -3.56774
23.25 -3.56804
23.3625 -3.56834
23.475 -3.56864
23.5875 -3.56893
23.7 -3.56922
23.8125 -3.5695
23.925 -3.56979
24.0375 -3.57007
24.15 -3.57035
24.2625 -3.57062
24.375 -3.57089
24.4875 -3.57116
24.6 -3.57143
24.7125 -3.5717
24.825 -3.57196
24.9375 -3.57222
25.05 -3.57248
25.1625 -3.57274
25.275 -3.57299
25.3875 -3.57324
25.5 -3.57349
25.6125 -3.57374
25.725 -3.57398
25.8375 -3.57423
25.95 -3.57447
26.0625 -3.57471
26.175 -3.57494
26.2875 -3.57518
26.4 -3.57541
26.5125 -3.57564
26.625 -3.57587
26.7375 -3.5761
26.85 -3.57632
26.9625 -3.57654
27.075 -3.57677
27.1875 -3.57698
27.3 -3.5772
27.4125 -3.57742
27.525 -3.57763
27.6375 -3.57784
27.75 -3.57805
27.8625 -3.57826
27.975 -3.57847
28.0875 -3.57868
28.2 -3.57888
28.3125 -3.57908
28.425 -3.57928
28.5375 -3.57948
28.65 -3.57968
28.7625 -3.57979
28.875 -3.58007
28.9875 -3.58026
29.1 -3.58045
29.2125 -3.58064
29.325 -3.58083
29.4375 -3.58102
29.55 -3.5812
29.6625 -3.58139
29.775 -3.58157
29.8875 -3.58175
30 -3.58193
