-15 -20.9738
-14.8875 -20.8603
-14.775 -20.7468
-14.6625 -20.6333
-14.55 -20.5198
-14.4375 -20.4062
-14.325 -20.2927
-14.2125 -20.1791
-14.1 -20.0655
-13.9875 -19.9519
-13.875 -19.8382
-13.7625 -19.7246
-13.65 -19.6109
-13.5375 -19.4972
-13.425 -19.3834
-13.3125 -19.2697
-13.2 -19.1559
-13.0875 -19.0421
-12.975 -18.9283
-12.8625 -18.8144
-12.75 -18.7006
-12.6375 -18.5867
-12.525 -18.4727
-12.4125 -18.3588
-12.3 -18.2448
-12.1875 -18.1308
-12.075 -18.0168
-11.9625 -17.9027
-11.85 -17.7886
-11.7375 -17.6745
-11.625 -17.5603
-11.5125 -17.4461
-11.4 -17.3319
-11.2875 -17.2177
-11.175 -17.1034
-11.0625 -16.989
-10.95 -16.8747
-10.8375 -16.7603
-10.725 -16.6458
-10.6125 -16.5313
-10.5 -16.4168
-10.3875 -16.3023
-10.275 -16.1876
-10.1625 -16.073
-10.05 -15.9583
-9.9375 -15.8433
-9.825 -15.7285
-9.7125 -15.6137
-9.6 -15.4988
-9.4875 -15.3838
-9.375 -15.2688
-9.2625 -15.1538
-9.15 -15.0386
-9.0375 -14.9235
-8.925 -14.8082
-8.8125 -14.6929
-8.7 -14.5775
-8.5875 -14.462
-8.475 -14.3465
-8.3625 -14.2309
-8.25 -14.1152
-8.1375 -13.9994
-8.025 -13.8836
-7.9125 -13.7676
-7.8 -13.6515
-7.6875 -13.5354
-7.575 -13.4191
-7.4625 -13.3028
-7.35 -13.1863
-7.2375 -13.0697
-7.125 -12.953
-7.0125 -12.8361
-6.9 -12.7192
-6.7875 -12.602
-6.675 -12.4847
-6.5625 -12.3673
-6.45 -12.2497
-6.3375 -12.1319
-6.225 -12.014
-6.1125 -11.8959
-6 -11.7775
-5.8875 -11.659
-5.775 -11.5402
-5.6625 -11.4212
-5.55 -11.3019
-5.4375 -11.1824
-5.325 -11.0626
-5.2125 -10.9425
-5.1 -10.8221
-4.9875 -10.7013
-4.875 -10.5802
-4.7625 -10.4587
-4.65 -10.3368
-4.5375 -10.2145
-4.425 -10.0916
-4.3125 -9.96831
-4.2 -9.84443
-4.0875 -9.71996
-3.975 -9.59485
-3.8625 -9.46904
-3.75 -9.34248
-3.6375 -9.21508
-3.525 -9.08679
-3.4125 -8.9575
-3.3 -8.82711
-3.1875 -8.69552
-3.075 -8.56259
-2.9625 -8.42816
-2.85 -8.29207
-2.7375 -8.15409
-2.625 -8.014
-2.5125 -7.8715
-2.4 -7.72625
-2.2875 -7.57786
-2.175 -7.42583
-2.0625 -7.26957
-1.95 -7.10835
-1.8375 -6.9413
-1.725 -6.76731
-1.6125 -6.58498
-1.5 -6.39257
-1.3875 -6.18785
-1.275 -5.96791
-1.1625 -5.72896
-1.05 -5.46598
-0.9375 -5.17224
-0.825 -4.83853
-0.7125 -4.45206
-0.6 -3.99467
-0.4875 -3.43992
-0.375 -2.74851
-0.2625 -1.86421
-0.15 -0.742132
-0.0375 0.322042
0.075 0.1129
0.1875 -0.952767
0.3 -1.88441
0.4125 -2.58478
0.525 -3.11275
0.6375 -3.51894
0.75 -3.83773
0.8625 -4.09241
0.975 -4.29908
1.0875 -4.46919
1.2 -4.611
1.3125 -4.73062
1.425 -4.83262
1.5375 -4.92046
1.65 -4.99678
1.7625 -5.06365
1.875 -5.1227
1.9875 -5.17519
2.1 -5.22217
2.2125 -5.26444
2.325 -5.3027
2.4375 -5.3375
2.55 -5.36929
2.6625 -5.39845
2.775 -5.42531
2.8875 -5.45013
3 -5.47315
3.1125 -5.49456
3.225 -5.51453
3.3375 -5.5332
3.45 -5.55071
3.5625 -5.56716
3.675 -5.58264
3.7875 -5.59725
3.9 -5.61106
4.0125 -5.62413
4.125 -5.63652
4.2375 -5.64829
4.35 -5.65948
4.4625 -5.67014
4.575 -5.6803
4.6875 -5.69
4.8 -5.69927
4.9125 -5.70814
5.025 -5.71663
5.1375 -5.72477
5.25 -5.73258
5.3625 -5.74008
5.475 -5.74729
5.5875 -5.75422
5.7 -5.76089
5.8125 -5.76732
5.925 -5.77352
6.0375 -5.77949
6.15 -5.78526
6.2625 -5.79084
6.375 -5.79622
6.4875 -5.80143
6.6 -5.80647
6.7125 -5.81135
6.825 -5.81607
6.9375 -5.82065
7.05 -5.82509
7.1625 -5.82939
7.275 -5.83357
7.3875 -5.83763
7.5 -5.84157
7.6125 -5.8454
7.725 -5.84912
7.8375 -5.85274
7.95 -5.85626
8.0625 -5.85969
8.175 -5.86303
8.2875 -5.86628
8.4 -5.86944
8.5125 -5.87253
8.625 -5.87554
8.7375 -5.87847
8.85 -5.88134
8.9625 -5.88413
9.075 -5.88686
9.1875 -5.88952
9.3 -5.89212
9.4125 -5.89466
9.525 -5.89714
9.6375 -5.89957
9.75 -5.90194
9.8625 -5.90426
9.975 -5.90653
10.0875 -5.90875
10.2 -5.91093
10.3125 -5.91306
10.425 -5.91514
10.5375 -5.91718
10.65 -5.91918
10.7625 -5.92114
10.875 -5.92306
10.9875 -5.92494
11.1 -5.92679
11.2125 -5.92859
11.325 -5.93037
11.4375 -5.93211
11.55 -5.93382
11.6625 -5.93549
11.775 -5.93714
11.8875 -5.93875
12 -5.94034
12.1125 -5.9419
12.225 -5.94342
12.3375 -5.94493
12.45 -5.9464
12.5625 -5.94785
12.675 -5.94928
12.7875 -5.95068
12.9 -5.95206
13.0125 -5.95341
13.125 -5.95474
13.2375 -5.95605
13.35 -5.95734
13.4625 -5.95861
13.575 -5.95986
13.6875 -5.96108
13.8 -5.96229
13.9125 -5.96348
14.025 -5.96465
14.1375 -5.9658
14.25 -5.96694
14.3625 -5.96805
14.475 -5.96915
14.5875 -5.97024
14.7 -5.97131
14.8125 -5.97236
14.925 -5.97339
15.0375 -5.97442
15.15 -5.97542
15.2625 -5.97642
15.375 -5.97739
15.4875 -5.97836
15.6 -5.97931
15.7125 -5.98025
15.825 -5.98117
15.9375 -5.98208
16.05 -5.98298
16.1625 -5.98387
16.275 -5.98475
16.3875 -5.98561
16.5 -5.98646
16.6125 -5.9873
16.725 -5.98813
16.8375 -5.98895
16.95 -5.98976
17.0625 -5.99056
17.175 -5.99135
17.2875 -5.99213
17.4 -5.99289
17.5125 -5.99365
17.625 -5.9944
17.7375 -5.99514
17.85 -5.99587
17.9625 -5.9966
18.075 -5.99731
18.1875 -5.99801
18.3 -5.99871
18.4125 -5.9994
18.525 -6.00008
18.6375 -6.00075
18.75 -6.00141
18.8625 -6.00207
18.975 -6.00272
19.0875 -6.00336
19.2 -6.00399
19.3125 -6.00462
19.425 -6.00524
19.5375 -6.00585
19.65 -6.00646
19.7625 -6.00706
19.875 -6.00765
19.9875 -6.00823
20.1 -6.00881
20.2125 -6.00939
20.325 -6.00995
20.4375 -6.01051
20.55 -6.01107
20.6625 -6.01162
20.775 -6.01216
20.8875 -6.0127
21 -6.01323
21.1125 -6.01376
21.225 -6.01428
21.3375 -6.01479
21.45 -6.0153
21.5625 -6.01581
21.675 -6.01631
21.7875 -6.0168
21.9 -6.01729
22.0125 -6.01778
22.125 -6.01826
22.2375 -6.01873
22.35 -6.01921
22.4625 -6.01967
22.575 -6.02013
22.6875 -6.02059
22.8 -6.02104
22.9125 -6.02149
23.025 -6.02193
23.1375 -6.02237
23.25 -6.02281
23.3625 -6.02324
23.475 -6.02367
23.5875 -6.02409
23.7 -6.02451
23.8125 -6.02493
23.925 -6.02534
24.0375 -6.02575
24.15 -6.02615
24.2625 -6.02655
24.375 -6.02695
24.4875 -6.02734
24.6 -6.02773
24.7125 -6.02812
24.825 -6.0285
24.9375 -6.02888
25.05 -6.02926
25.1625 -6.02963
25.275 -6.03
25.3875 -6.03037
25.5 -6.03073
25.6125 -6.03109
25.725 -6.03145
25.8375 -6.0318
25.95 -6.03215
26.0625 -6.0325
26.175 -6.03285
26.2875 -6.03319
26.4 -6.03353
26.5125 -6.03386
26.625 -6.0342
26.7375 -6.03453
26.85 -6.03486
26.9625 -6.03518
27.075 -6.03551
27.1875 -6.03583
27.3 -6.03614
27.4125 -6.03646
27.525 -6.03677
27.6375 -6.03708
27.75 -6.03739
27.8625 -6.03769
27.975 -6.038
28.0875 -6.0383
28.2 -6.0386
28.3125 -6.03889
28.425 -6.03919
28.5375 -6.03948
28.65 -6.03977
28.7625 -6.04005
28.875 -6.04034
28.9875 -6.04062
29.1 -6.0409
29.2125 -6.04118
29.325 -6.04145
29.4375 -6.04173
29.55 -6.042
29.6625 -6.04227
29.775 -6.04254
29.8875 -6.0428
30 -6.04307
