-15 -19.5875
-14.8875 -19.474
-14.775 -19.3605
-14.6625 -19.247
-14.55 -19.1335
-14.4375 -19.02
-14.325 -18.9064
-14.2125 -18.7928
-14.1 -18.6792
-13.9875 -18.5656
-13.875 -18.4519
-13.7625 -18.3383
-13.65 -18.2246
-13.5375 -18.1109
-13.425 -17.9971
-13.3125 -17.8834
-13.2 -17.7696
-13.0875 -17.6558
-12.975 -17.542
-12.8625 -17.4281
-12.75 -17.3143
-12.6375 -17.2004
-12.525 -17.0865
-12.4125 -16.9725
-12.3 -16.8585
-12.1875 -16.7445
-12.075 -16.6305
-11.9625 -16.5164
-11.85 -16.4023
-11.7375 -16.2882
-11.625 -16.174
-11.5125 -16.0598
-11.4 -15.9456
-11.2875 -15.8314
-11.175 -15.7171
-11.0625 -15.6024
-10.95 -15.488
-10.8375 -15.3736
-10.725 -15.2592
-10.6125 -15.1447
-10.5 -15.0302
-10.3875 -14.9157
-10.275 -14.8011
-10.1625 -14.6864
-10.05 -14.5717
-9.9375 -14.457
-9.825 -14.3422
-9.7125 -14.2274
-9.6 -14.1125
-9.4875 -13.9975
-9.375 -13.8825
-9.2625 -13.7675
-9.15 -13.6523
-9.0375 -13.5372
-8.925 -13.4219
-8.8125 -13.3066
-8.7 -13.1912
-8.5875 -13.0757
-8.475 -12.9602
-8.3625 -12.8446
-8.25 -12.7289
-8.1375 -12.6131
-8.025 -12.4973
-7.9125 -12.3813
-7.8 -12.2653
-7.6875 -12.1491
-7.575 -12.0328
-7.4625 -11.9165
-7.35 -11.8
-7.2375 -11.6834
-7.125 -11.5667
-7.0125 -11.4498
-6.9 -11.3329
-6.7875 -11.2157
-6.675 -11.0984
-6.5625 -10.981
-6.45 -10.8634
-6.3375 -10.7457
-6.225 -10.6277
-6.1125 -10.5096
-6 -10.3912
-5.8875 -10.2727
-5.775 -10.1539
-5.6625 -10.0349
-5.55 -9.91564
-5.4375 -9.79612
-5.325 -9.67632
-5.2125 -9.55622
-5.1 -9.4358
-4.9875 -9.31504
-4.875 -9.19393
-4.7625 -9.07243
-4.65 -8.95052
-4.5375 -8.82817
-4.425 -8.70535
-4.3125 -8.58202
-4.2 -8.45814
-4.0875 -8.33367
-3.975 -8.20856
-3.8625 -8.08275
-3.75 -7.95618
-3.6375 -7.82879
-3.525 -7.70049
-3.4125 -7.5712
-3.3 -7.44082
-3.1875 -7.30923
-3.075 -7.1763
-2.9625 -7.04187
-2.85 -6.90577
-2.7375 -6.7678
-2.625 -6.6277
-2.5125 -6.4852
-2.4 -6.33996
-2.2875 -6.19157
-2.175 -6.03953
-2.0625 -5.88327
-1.95 -5.72206
-1.8375 -5.55501
-1.725 -5.38101
-1.6125 -5.19869
-1.5 -5.00628
-1.3875 -4.80155
-1.275 -4.58161
-1.1625 -4.34266
-1.05 -4.07969
-0.9375 -3.78595
-0.825 -3.45224
-0.7125 -3.06577
-0.6 -2.60838
-0.4875 -2.05362
-0.375 -1.36222
-0.2625 -0.477911
-0.15 0.644162
-0.0375 1.70834
0.075 1.49919
0.1875 0.433527
0.3 -0.49812
0.4125 -1.19849
0.525 -1.72646
0.6375 -2.13264
0.75 -2.45144
0.8625 -2.70612
0.975 -2.91279
1.0875 -3.08289
1.2 -3.2247
1.3125 -3.34433
1.425 -3.44633
1.5375 -3.53416
1.65 -3.61049
1.7625 -3.67736
1.875 -3.7364
1.9875 -3.7889
2.1 -3.83587
2.2125 -3.87815
2.325 -3.91641
2.4375 -3.9512
2.55 -3.98299
2.6625 -4.01215
2.775 -4.03901
2.8875 -4.06384
3 -4.08685
3.1125 -4.10826
3.225 -4.12823
3.3375 -4.14691
3.45 -4.16442
3.5625 -4.18086
3.675 -4.19635
3.7875 -4.21096
3.9 -4.22476
4.0125 -4.23783
4.125 -4.25023
4.2375 -4.262
4.35 -4.27319
4.4625 -4.28385
4.575 -4.29401
4.6875 -4.30371
4.8 -4.31298
4.9125 -4.32184
5.025 -4.33033
5.1375 -4.33847
5.25 -4.34628
5.3625 -4.35378
5.475 -4.36099
5.5875 -4.36792
5.7 -4.3746
5.8125 -4.38103
5.925 -4.38722
6.0375 -4.3932
6.15 -4.39897
6.2625 -4.40454
6.375 -4.40993
6.4875 -4.41514
6.6 -4.42017
6.7125 -4.42505
6.825 -4.42978
6.9375 -4.43436
7.05 -4.43879
7.1625 -4.4431
7.275 -4.44728
7.3875 -4.45134
7.5 -4.45528
7.6125 -4.45911
7.725 -4.46283
7.8375 -4.46645
7.95 -4.46997
8.0625 -4.4734
8.175 -4.47673
8.2875 -4.47998
8.4 -4.48315
8.5125 -4.48624
8.625 -4.48924
8.7375 -4.49218
8.85 -4.49504
8.9625 -4.49783
9.075 -4.50056
9.1875 -4.50322
9.3 -4.50582
9.4125 -4.50837
9.525 -4.51085
9.6375 -4.51327
9.75 -4.51565
9.8625 -4.51797
9.975 -4.52024
10.0875 -4.52246
10.2 -4.52463
10.3125 -4.52676
10.425 -4.52885
10.5375 -4.53089
10.65 -4.53289
10.7625 -4.53484
10.875 -4.53676
10.9875 -4.53865
11.1 -4.54049
11.2125 -4.5423
11.325 -4.54408
11.4375 -4.54582
11.55 -4.54752
11.6625 -4.5492
11.775 -4.55084
11.8875 -4.55246
12 -4.55404
12.1125 -4.5556
12.225 -4.55713
12.3375 -4.55863
12.45 -4.56011
12.5625 -4.56156
12.675 -4.56298
12.7875 -4.56438
12.9 -4.56576
13.0125 -4.56712
13.125 -4.56845
13.2375 -4.56976
13.35 -4.57105
13.4625 -4.57231
13.575 -4.57356
13.6875 -4.57479
13.8 -4.576
13.9125 -4.57718
14.025 -4.57836
14.1375 -4.57951
14.25 -4.58064
14.3625 -4.58176
14.475 -4.58286
14.5875 -4.58394
14.7 -4.58501
14.8125 -4.58606
14.925 -4.5871
15.0375 -4.58812
15.15 -4.58913
15.2625 -4.59012
15.375 -4.5911
15.4875 -4.59206
15.6 -4.59301
15.7125 -4.59395
15.825 -4.59488
15.9375 -4.59579
16.05 -4.59669
16.1625 -4.59758
16.275 -4.59845
16.3875 -4.59932
16.5 -4.60017
16.6125 -4.60101
16.725 -4.60184
16.8375 -4.60266
16.95 -4.60347
17.0625 -4.60427
17.175 -4.60505
17.2875 -4.60583
17.4 -4.6066
17.5125 -4.60736
17.625 -4.60811
17.7375 -4.60885
17.85 -4.60958
17.9625 -4.6103
18.075 -4.61101
18.1875 -4.61172
18.3 -4.61242
18.4125 -4.6131
18.525 -4.61378
18.6375 -4.61446
18.75 -4.61512
18.8625 -4.61578
18.975 -4.61642
19.0875 -4.61706
19.2 -4.6177
19.3125 -4.61833
19.425 -4.61894
19.5375 -4.61956
19.65 -4.62016
19.7625 -4.62076
19.875 -4.62135
19.9875 -4.62194
20.1 -4.62252
20.2125 -4.62309
20.325 -4.62366
20.4375 -4.62422
20.55 -4.62478
20.6625 -4.62532
20.775 -4.62587
20.8875 -4.6264
21 -4.62694
21.1125 -4.62746
21.225 -4.62798
21.3375 -4.6285
21.45 -4.62901
21.5625 -4.62951
21.675 -4.63001
21.7875 -4.63051
21.9 -4.631
22.0125 -4.63148
22.125 -4.63196
22.2375 -4.63244
22.35 -4.63291
22.4625 -4.63338
22.575 -4.63384
22.6875 -4.63429
22.8 -4.63475
22.9125 -4.6352
23.025 -4.63564
23.1375 -4.63608
23.25 -4.63651
23.3625 -4.63695
23.475 -4.63737
23.5875 -4.6378
23.7 -4.63822
23.8125 -4.63863
23.925 -4.63904
24.0375 -4.63945
24.15 -4.63986
24.2625 -4.64026
24.375 -4.64065
24.4875 -4.64105
24.6 -4.64144
24.7125 -4.64182
24.825 -4.64221
24.9375 -4.64259
25.05 -4.64296
25.1625 -4.64334
25.275 -4.64371
25.3875 -4.64407
25.5 -4.64444
25.6125 -4.6448
25.725 -4.64515
25.8375 -4.64551
25.95 -4.64586
26.0625 -4.64621
26.175 -4.64655
26.2875 -4.64689
26.4 -4.64723
26.5125 -4.64757
26.625 -4.6479
26.7375 -4.64823
26.85 -4.64856
26.9625 -4.64889
27.075 -4.64921
27.1875 -4.64953
27.3 -4.64985
27.4125 -4.65016
27.525 -4.65048
27.6375 -4.65079
27.75 -4.6511
27.8625 -4.6514
27.975 -4.6517
28.0875 -4.652
28.2 -4.6523
28.3125 -4.6526
28.425 -4.65289
28.5375 -4.65318
28.65 -4.65347
28.7625 -4.65376
28.875 -4.65404
28.9875 -4.65433
29.1 -4.65461
29.2125 -4.65488
29.325 -4.65516
29.4375 -4.65543
29.55 -4.65571
29.6625 -4.65598
29.775 -4.65624
29.8875 -4.65651
30 -4.65677
