-15 -18.3711
-14.8875 -18.2576
-14.775 -18.1442
-14.6625 -18.0306
-14.55 -17.9171
-14.4375 -17.8036
-14.325 -17.69
-14.2125 -17.5764
-14.1 -17.4628
-13.9875 -17.3492
-13.875 -17.2355
-13.7625 -17.1219
-13.65 -17.0082
-13.5375 -16.8945
-13.425 -16.7807
-13.3125 -16.667
-13.2 -16.5532
-13.0875 -16.4394
-12.975 -16.3256
-12.8625 -16.2117
-12.75 -16.0979
-12.6375 -15.984
-12.525 -15.8701
-12.4125 -15.7561
-12.3 -15.6421
-12.1875 -15.5281
-12.075 -15.4137
-11.9625 -15.2996
-11.85 -15.1855
-11.7375 -15.0714
-11.625 -14.9573
-11.5125 -14.8431
-11.4 -14.7288
-11.2875 -14.6146
-11.175 -14.5003
-11.0625 -14.386
-10.95 -14.2716
-10.8375 -14.1572
-10.725 -14.0428
-10.6125 -13.9283
-10.5 -13.8138
-10.3875 -13.6993
-10.275 -13.5847
-10.1625 -13.47
-10.05 -13.3553
-9.9375 -13.2406
-9.825 -13.1258
-9.7125 -13.011
-9.6 -12.8961
-9.4875 -12.7811
-9.375 -12.6661
-9.2625 -12.5511
-9.15 -12.4359
-9.0375 -12.3208
-8.925 -12.2055
-8.8125 -12.0902
-8.7 -11.9748
-8.5875 -11.8594
-8.475 -11.7438
-8.3625 -11.6282
-8.25 -11.5125
-8.1375 -11.3967
-8.025 -11.2809
-7.9125 -11.1649
-7.8 -11.0489
-7.6875 -10.9327
-7.575 -10.8164
-7.4625 -10.7001
-7.35 -10.5836
-7.2375 -10.467
-7.125 -10.3503
-7.0125 -10.2334
-6.9 -10.1165
-6.7875 -9.99932
-6.675 -9.88205
-6.5625 -9.76462
-6.45 -9.64702
-6.3375 -9.52926
-6.225 -9.41131
-6.1125 -9.29317
-6 -9.17484
-5.8875 -9.05629
-5.775 -8.93751
-5.6625 -8.81851
-5.55 -8.69925
-5.4375 -8.57972
-5.325 -8.45992
-5.2125 -8.33982
-5.1 -8.2194
-4.9875 -8.09865
-4.875 -7.97753
-4.7625 -7.85604
-4.65 -7.73413
-4.5375 -7.61178
-4.425 -7.48895
-4.3125 -7.36562
-4.2 -7.24174
-4.0875 -7.11727
-3.975 -6.99216
-3.8625 -6.86635
-3.75 -6.73979
-3.6375 -6.61239
-3.525 -6.4841
-3.4125 -6.35481
-3.3 -6.22442
-3.1875 -6.09283
-3.075 -5.9599
-2.9625 -5.82547
-2.85 -5.68938
-2.7375 -5.5514
-2.625 -5.41131
-2.5125 -5.26881
-2.4 -5.12357
-2.2875 -4.97517
-2.175 -4.82314
-2.0625 -4.66688
-1.95 -4.50567
-1.8375 -4.33861
-1.725 -4.16462
-1.6125 -3.98229
-1.5 -3.78989
-1.3875 -3.58516
-1.275 -3.36522
-1.1625 -3.12627
-1.05 -2.86329
-0.9375 -2.56955
-0.825 -2.23584
-0.7125 -1.84937
-0.6 -1.39198
-0.4875 -0.837227
-0.375 -0.14582
-0.2625 0.738485
-0.15 1.86056
-0.0375 2.92473
0.075 2.71559
0.1875 1.64992
0.3 0.718275
0.4125 0.0179055
0.525 -0.510063
0.6375 -0.916246
0.75 -1.23504
0.8625 -1.48972
0.975 -1.69639
1.0875 -1.8665
1.2 -2.00831
1.3125 -2.12793
1.425 -2.22993
1.5375 -2.31777
1.65 -2.39409
1.7625 -2.46097
1.875 -2.52001
1.9875 -2.5725
2.1 -2.61948
2.2125 -2.66175
2.325 -2.70001
2.4375 -2.73481
2.55 -2.7666
2.6625 -2.79576
2.775 -2.82262
2.8875 -2.84744
3 -2.87046
3.1125 -2.89187
3.225 -2.91184
3.3375 -2.93051
3.45 -2.94802
3.5625 -2.96447
3.675 -2.97995
3.7875 -2.99456
3.9 -3.00837
4.0125 -3.02144
4.125 -3.03383
4.2375 -3.0456
4.35 -3.05679
4.4625 -3.06745
4.575 -3.07761
4.6875 -3.08731
4.8 -3.09658
4.9125 -3.10545
5.025 -3.11394
5.1375 -3.12208
5.25 -3.12989
5.3625 -3.13739
5.475 -3.1446
5.5875 -3.15153
5.7 -3.1582
5.8125 -3.16463
5.925 -3.17083
6.0375 -3.1768
6.15 -3.18257
6.2625 -3.18815
6.375 -3.19353
6.4875 -3.19874
6.6 -3.20378
6.7125 -3.20866
6.825 -3.21338
6.9375 -3.21796
7.05 -3.2224
7.1625 -3.2267
7.275 -3.23088
7.3875 -3.23494
7.5 -3.23888
7.6125 -3.24271
7.725 -3.24643
7.8375 -3.25005
7.95 -3.25357
8.0625 -3.257
8.175 -3.26034
8.2875 -3.26359
8.4 -3.26675
8.5125 -3.26984
8.625 -3.27285
8.7375 -3.27578
8.85 -3.27865
8.9625 -3.28144
9.075 -3.28417
9.1875 -3.28683
9.3 -3.28943
9.4125 -3.29197
9.525 -3.29445
9.6375 -3.29688
9.75 -3.29925
9.8625 -3.30157
9.975 -3.30384
10.0875 -3.30606
10.2 -3.30824
10.3125 -3.31037
10.425 -3.31245
10.5375 -3.31449
10.65 -3.31649
10.7625 -3.31845
10.875 -3.32037
10.9875 -3.32225
11.1 -3.3241
11.2125 -3.32591
11.325 -3.32768
11.4375 -3.32942
11.55 -3.33113
11.6625 -3.3328
11.775 -3.33445
11.8875 -3.33606
12 -3.33765
12.1125 -3.33921
12.225 -3.34073
12.3375 -3.34224
12.45 -3.34371
12.5625 -3.34516
12.675 -3.34659
12.7875 -3.34799
12.9 -3.34937
13.0125 -3.35072
13.125 -3.35205
13.2375 -3.35336
13.35 -3.35465
13.4625 -3.35592
13.575 -3.35717
13.6875 -3.35839
13.8 -3.3596
13.9125 -3.36079
14.025 -3.36196
14.1375 -3.36311
14.25 -3.36425
14.3625 -3.36536
14.475 -3.36646
14.5875 -3.36755
14.7 -3.36862
14.8125 -3.36967
14.925 -3.3707
15.0375 -3.37173
15.15 -3.37273
15.2625 -3.37373
15.375 -3.3747
15.4875 -3.37567
15.6 -3.37662
15.7125 -3.37756
15.825 -3.37848
15.9375 -3.37939
16.05 -3.38029
16.1625 -3.38118
16.275 -3.38206
16.3875 -3.38292
16.5 -3.38377
16.6125 -3.38461
16.725 -3.38544
16.8375 -3.38626
16.95 -3.38707
17.0625 -3.38787
17.175 -3.38866
17.2875 -3.38944
17.4 -3.39021
17.5125 -3.39096
17.625 -3.39171
17.7375 -3.39245
17.85 -3.39318
17.9625 -3.39391
18.075 -3.39462
18.1875 -3.39532
18.3 -3.39602
18.4125 -3.39671
18.525 -3.39739
18.6375 -3.39806
18.75 -3.39872
18.8625 -3.39938
18.975 -3.40003
19.0875 -3.40067
19.2 -3.4013
19.3125 -3.40193
19.425 -3.40255
19.5375 -3.40316
19.65 -3.40377
19.7625 -3.40437
19.875 -3.40496
19.9875 -3.40554
20.1 -3.40612
20.2125 -3.4067
20.325 -3.40726
20.4375 -3.40783
20.55 -3.40838
20.6625 -3.40893
20.775 -3.40947
20.8875 -3.41001
21 -3.41054
21.1125 -3.41107
21.225 -3.41159
21.3375 -3.4121
21.45 -3.41261
21.5625 -3.41312
21.675 -3.41362
21.7875 -3.41411
21.9 -3.4146
22.0125 -3.41509
22.125 -3.41557
22.2375 -3.41604
22.35 -3.41652
22.4625 -3.41698
22.575 -3.41744
22.6875 -3.4179
22.8 -3.41835
22.9125 -3.4188
23.025 -3.41924
23.1375 -3.41968
23.25 -3.42012
23.3625 -3.42055
23.475 -3.42098
23.5875 -3.4214
23.7 -3.42182
23.8125 -3.42224
23.925 -3.42265
24.0375 -3.42306
24.15 -3.42346
24.2625 -3.42386
24.375 -3.42426
24.4875 -3.42465
24.6 -3.42504
24.7125 -3.42543
24.825 -3.42581
24.9375 -3.42619
25.05 -3.42657
25.1625 -3.42694
25.275 -3.42731
25.3875 -3.42768
25.5 -3.42804
25.6125 -3.4284
25.725 -3.42876
25.8375 -3.42911
25.95 -3.42946
26.0625 -3.42981
26.175 -3.43016
26.2875 -3.4305
26.4 -3.43084
26.5125 -3.43117
26.625 -3.43151
26.7375 -3.43184
26.85 -3.43217
26.9625 -3.43249
27.075 -3.43282
27.1875 -3.43314
27.3 -3.43345
27.4125 -3.43377
27.525 -3.43408
27.6375 -3.43439
27.75 -3.4347
27.8625 -3.43501
27.975 -3.43531
28.0875 -3.43561
28.2 -3.43591
28.3125 -3.4362
28.425 -3.4365
28.5375 -3.43679
28.65 -3.43708
28.7625 -3.43736
28.875 -3.43765
28.9875 -3.43793
29.1 -3.43821
29.2125 -3.43849
29.325 -3.43876
29.4375 -3.43904
29.55 -3.43931
29.6625 -3.43958
29.775 -3.43985
29.8875 -3.44011
30 -3.44038
