-15 -17.7231
-14.8875 -17.6099
-14.775 -17.4967
-14.6625 -17.3835
-14.55 -17.2702
-14.4375 -17.157
-14.325 -17.0437
-14.2125 -16.9304
-14.1 -16.8171
-13.9875 -16.7038
-13.875 -16.5905
-13.7625 -16.4772
-13.65 -16.3638
-13.5375 -16.2504
-13.425 -16.1371
-13.3125 -16.0237
-13.2 -15.9102
-13.0875 -15.7968
-12.975 -15.6834
-12.8625 -15.5699
-12.75 -15.4564
-12.6375 -15.3429
-12.525 -15.2294
-12.4125 -15.1157
-12.3 -15.0022
-12.1875 -14.8886
-12.075 -14.775
-11.9625 -14.6613
-11.85 -14.5477
-11.7375 -14.434
-11.625 -14.3203
-11.5125 -14.2066
-11.4 -14.0929
-11.2875 -13.9791
-11.175 -13.8653
-11.0625 -13.7515
-10.95 -13.6376
-10.8375 -13.5238
-10.725 -13.4099
-10.6125 -13.2959
-10.5 -13.182
-10.3875 -13.068
-10.275 -12.9539
-10.1625 -12.8398
-10.05 -12.7257
-9.9375 -12.6115
-9.825 -12.4973
-9.7125 -12.3831
-9.6 -12.2689
-9.4875 -12.1546
-9.375 -12.0402
-9.2625 -11.9258
-9.15 -11.8114
-9.0375 -11.6969
-8.925 -11.5824
-8.8125 -11.4678
-8.7 -11.3532
-8.5875 -11.2385
-8.475 -11.1237
-8.3625 -11.0089
-8.25 -10.894
-8.1375 -10.7791
-8.025 -10.664
-7.9125 -10.5489
-7.8 -10.4338
-7.6875 -10.3185
-7.575 -10.2032
-7.4625 -10.0877
-7.35 -9.97221
-7.2375 -9.85658
-7.125 -9.74086
-7.0125 -9.62503
-6.9 -9.50908
-6.7875 -9.39302
-6.675 -9.27682
-6.5625 -9.1605
-6.45 -9.04403
-6.3375 -8.92742
-6.225 -8.81065
-6.1125 -8.69371
-6 -8.57659
-5.8875 -8.45929
-5.775 -8.34178
-5.6625 -8.22407
-5.55 -8.10613
-5.4375 -7.98794
-5.325 -7.8695
-5.2125 -7.75078
-5.1 -7.63176
-4.9875 -7.51243
-4.875 -7.39275
-4.7625 -7.2727
-4.65 -7.15226
-4.5375 -7.03139
-4.425 -6.91005
-4.3125 -6.78821
-4.2 -6.66582
-4.0875 -6.54284
-3.975 -6.4192
-3.8625 -6.29486
-3.75 -6.16973
-3.6375 -6.04375
-3.525 -5.91683
-3.4125 -5.78887
-3.3 -5.65976
-3.1875 -5.52937
-3.075 -5.39756
-2.9625 -5.26415
-2.85 -5.12896
-2.7375 -4.99177
-2.625 -4.85229
-2.5125 -4.71024
-2.4 -4.56525
-2.2875 -4.41688
-2.175 -4.26461
-2.0625 -4.10784
-1.95 -3.94578
-1.8375 -3.77754
-1.725 -3.60195
-1.6125 -3.4176
-1.5 -3.22268
-1.3875 -3.01492
-1.275 -2.79136
-1.1625 -2.54817
-1.05 -2.28029
-0.9375 -1.98093
-0.825 -1.64085
-0.7125 -1.24724
-0.6 -0.781939
-0.4875 -0.218558
-0.375 0.482024
-0.2625 1.37566
-0.15 2.50625
-0.0375 3.57574
0.075 3.36541
0.1875 2.29297
0.3 1.35237
0.4125 0.642647
0.525 0.105658
0.6375 -0.308922
0.75 -0.635377
0.8625 -0.896938
0.975 -1.10973
1.0875 -1.28521
1.2 -1.4317
1.3125 -1.55535
1.425 -1.66076
1.5375 -1.75146
1.65 -1.83012
1.7625 -1.89888
1.875 -1.95937
1.9875 -2.01294
2.1 -2.06064
2.2125 -2.10334
2.325 -2.14174
2.4375 -2.17643
2.55 -2.2079
2.6625 -2.23656
2.775 -2.26274
2.8875 -2.28674
3 -2.30881
3.1125 -2.32916
3.225 -2.34799
3.3375 -2.36543
3.45 -2.38165
3.5625 -2.39675
3.675 -2.41085
3.7875 -2.42403
3.9 -2.43639
4.0125 -2.44799
4.125 -2.4589
4.2375 -2.46918
4.35 -2.47888
4.4625 -2.48805
4.575 -2.49673
4.6875 -2.50496
4.8 -2.51276
4.9125 -2.52018
5.025 -2.52724
5.1375 -2.53397
5.25 -2.54038
5.3625 -2.54651
5.475 -2.55236
5.5875 -2.55797
5.7 -2.56333
5.8125 -2.56848
5.925 -2.57341
6.0375 -2.57815
6.15 -2.58271
6.2625 -2.58709
6.375 -2.59131
6.4875 -2.59537
6.6 -2.59929
6.7125 -2.60307
6.825 -2.60672
6.9375 -2.61024
7.05 -2.61365
7.1625 -2.61695
7.275 -2.62014
7.3875 -2.62322
7.5 -2.62622
7.6125 -2.62912
7.725 -2.63193
7.8375 -2.63466
7.95 -2.63731
8.0625 -2.63988
8.175 -2.64238
8.2875 -2.64481
8.4 -2.64718
8.5125 -2.64948
8.625 -2.65171
8.7375 -2.65389
8.85 -2.65602
8.9625 -2.65808
9.075 -2.6601
9.1875 -2.66206
9.3 -2.66398
9.4125 -2.66585
9.525 -2.66767
9.6375 -2.66946
9.75 -2.6712
9.8625 -2.67289
9.975 -2.67455
10.0875 -2.67618
10.2 -2.67776
10.3125 -2.67931
10.425 -2.68083
10.5375 -2.68232
10.65 -2.68377
10.7625 -2.68519
10.875 -2.68658
10.9875 -2.68795
11.1 -2.68928
11.2125 -2.69059
11.325 -2.69187
11.4375 -2.69313
11.55 -2.69436
11.6625 -2.69557
11.775 -2.69675
11.8875 -2.69791
12 -2.69905
12.1125 -2.70017
12.225 -2.70127
12.3375 -2.70235
12.45 -2.7034
12.5625 -2.70444
12.675 -2.70546
12.7875 -2.70647
12.9 -2.70745
13.0125 -2.70842
13.125 -2.70937
13.2375 -2.7103
13.35 -2.71122
13.4625 -2.71212
13.575 -2.71301
13.6875 -2.71388
13.8 -2.71474
13.9125 -2.71559
14.025 -2.71642
14.1375 -2.71724
14.25 -2.71804
14.3625 -2.71883
14.475 -2.71961
14.5875 -2.72038
14.7 -2.72114
14.8125 -2.72188
14.925 -2.72262
15.0375 -2.72334
15.15 -2.72405
15.2625 -2.72475
15.375 -2.72544
15.4875 -2.72612
15.6 -2.72679
15.7125 -2.72745
15.825 -2.7281
15.9375 -2.72875
16.05 -2.72938
16.1625 -2.73
16.275 -2.73062
16.3875 -2.73123
16.5 -2.73182
16.6125 -2.73241
16.725 -2.733
16.8375 -2.73357
16.95 -2.73414
17.0625 -2.7347
17.175 -2.73525
17.2875 -2.7358
17.4 -2.73633
17.5125 -2.73687
17.625 -2.73739
17.7375 -2.73791
17.85 -2.73842
17.9625 -2.73892
18.075 -2.73942
18.1875 -2.73991
18.3 -2.7404
18.4125 -2.74088
18.525 -2.74135
18.6375 -2.74182
18.75 -2.74228
18.8625 -2.74274
18.975 -2.74319
19.0875 -2.74364
19.2 -2.74408
19.3125 -2.74452
19.425 -2.74495
19.5375 -2.74537
19.65 -2.7458
19.7625 -2.74621
19.875 -2.74662
19.9875 -2.74703
20.1 -2.74743
20.2125 -2.74783
20.325 -2.74822
20.4375 -2.74861
20.55 -2.749
20.6625 -2.74938
20.775 -2.74976
20.8875 -2.75013
21 -2.7505
21.1125 -2.75086
21.225 -2.75122
21.3375 -2.75158
21.45 -2.75193
21.5625 -2.75228
21.675 -2.75263
21.7875 -2.75297
21.9 -2.75331
22.0125 -2.75364
22.125 -2.75397
22.2375 -2.7543
22.35 -2.75463
22.4625 -2.75495
22.575 -2.75527
22.6875 -2.75558
22.8 -2.7559
22.9125 -2.7562
23.025 -2.75651
23.1375 -2.75681
23.25 -2.75711
23.3625 -2.75741
23.475 -2.75771
23.5875 -2.758
23.7 -2.75829
23.8125 -2.75857
23.925 -2.75886
24.0375 -2.75914
24.15 -2.75942
24.2625 -2.75969
24.375 -2.75996
24.4875 -2.76023
24.6 -2.7605
24.7125 -2.76077
24.825 -2.76103
24.9375 -2.76129
25.05 -2.76155
25.1625 -2.76181
25.275 -2.76206
25.3875 -2.76231
25.5 -2.76256
25.6125 -2.76281
25.725 -2.76305
25.8375 -2.7633
25.95 -2.76354
26.0625 -2.76378
26.175 -2.76401
26.2875 -2.76425
26.4 -2.76448
26.5125 -2.76471
26.625 -2.76494
26.7375 -2.76517
26.85 -2.76539
26.9625 -2.76561
27.075 -2.76584
27.1875 -2.76605
27.3 -2.76627
27.4125 -2.76649
27.525 -2.7667
27.6375 -2.76691
27.75 -2.76712
27.8625 -2.76733
27.975 -2.76754
28.0875 -2.76775
28.2 -2.76795
28.3125 -2.76815
28.425 -2.76835
28.5375 -2.76855
28.65 -2.76875
28.7625 -2.76886
28.875 -2.76914
28.9875 -2.76933
29.1 -2.76952
29.2125 -2.76971
29.325 -2.7699
29.4375 -2.77009
29.55 -2.77027
29.6625 -2.77046
29.775 -2.77064
29.8875 -2.77082
30 -2.771
